4733.89 -0.00298366
4733.89 -0.00298366
4733.89 -0.00298366
4733.89 -0.00298366
4733.89 -0.00262461
4733.92 -0.000900366
4734.12 9.53182e-005
4734.57 2.26004e-005
4735.27 -3.9117e-006
4736.22 0.000111578
4737.25 5.76004e-005
4738.27 -6.2658e-005
4739.29 -1.21132e-005
4740.33 3.80502e-005
4741.45 -7.7741e-006
4742.57 -0.000146152
4743.7 -0.00015731
4744.83 -3.86731e-005
4745.96 -9.26511e-005
4747.09 -0.000218584
4748.21 -0.00019808
4749.34 -0.000125314
4750.46 -0.000159885
4751.59 -0.000367977
4752.72 -0.000345899
4753.84 -0.000226499
4754.97 -0.000244333
4756.1 -0.000325586
4757.23 -0.000267555
4758.35 -0.000154544
4759.48 -0.000183536
4760.61 -0.000418045
866.045 -0.000466658
1.46458 -0.000359736
2.59306 -0.00037632
3.72348 -0.000446223
4.8493 -0.000350363
5.97709 -0.000215417
7.07586 -0.000244617
8.09629 -8.15808e-005
9.11638 0.000310851
10.1402 -8.38643e-005
11.1678 -0.000352941
12.1862 -0.000423385
13.2072 -0.000368185
14.2306 -0.000239438
15.2559 -0.000197889
16.2741 -0.000304969
17.2936 -0.000238417
18.3171 -0.000114827
19.3415 -0.000177276
20.3626 -0.000275247
21.3825 -0.000237869
22.4063 -0.000171285
23.4315 -0.000186584
24.4565 -0.000274496
25.4765 -0.000298622
26.4987 -0.000177448
27.5208 -0.000175365
28.5405 -0.000214989
29.5615 -0.000188709
30.5852 -8.98739e-005
31.6106 -0.000163816
32.6282 -0.000301026
33.6503 -0.000301216
34.6754 -0.000180899
35.7028 -0.000181216
36.7219 -0.000329792
37.7435 -0.000317262
38.768 -0.000227895
39.7945 -0.000159119
40.8143 -0.000267545
41.8352 -0.000266246
42.8599 -0.000159054
43.8936 -0.000217078
45.0004 -0.000312279
46.1261 -0.000285834
47.2545 -0.000179127
48.3837 -0.000206885
49.5125 -0.000329139
50.6416 -0.000370813
51.7723 -0.000298378
52.897 -0.000322804
54.0235 -0.000443623
55.1521 -0.000385389
56.2813 -0.000303944
57.4104 -0.000326841
58.5401 -0.000418831
59.6704 -0.000402445
60.8009 -0.000261648
61.9294 -0.000280308
63.0564 -0.000403782
64.1825 -0.000355226
65.3096 -0.000281528
66.4401 -0.000317424
67.5684 -0.000400067
68.6933 -0.000373862
69.823 -0.000232194
70.9512 -0.000239015
72.0778 -0.000380254
73.2039 -0.000338156
74.3335 -0.000202613
75.4612 -0.00022368
76.5865 -0.000339291
77.7108 -0.000325607
78.8375 -0.000183802
79.9677 -0.000154569
81.0982 -0.000288661
82.2272 -0.000277036
83.3564 -0.000166478
84.4849 -0.000223942
85.6104 -0.000384272
86.7369 -0.00032488
87.8633 -0.000175489
88.9913 -0.00013039
90.1144 -0.000225545
91.2417 -0.000196977
92.3721 -4.51492e-005
93.5003 -4.31364e-005
94.6242 -0.000199561
95.7498 -0.000290011
96.8738 -0.000258219
97.9992 -0.000284541
99.1268 -0.000375893
100.253 -0.000331178
101.38 -0.000190799
102.509 -0.000141977
103.63 -0.000270664
104.755 -0.000231832
105.884 -0.000132992
107.011 -0.000159361
108.14 -0.000308902
109.271 -0.000309442
110.398 -0.000148215
111.526 -0.000142658
112.656 -0.000249163
113.787 -0.000283738
114.913 -0.000213193
116.04 -0.00023511
117.166 -0.000318441
118.288 -0.000335942
119.336 -0.000230764
120.355 -0.0002137
121.377 -0.000338572
122.399 -0.00036566
123.424 -0.000264969
124.449 -0.000256157
125.474 -0.000328863
126.499 -0.00028295
127.524 -0.000174544
128.55 -0.0002925
129.576 -0.000422074
130.601 -0.000381763
131.627 -0.000289633
132.654 -0.000299582
133.68 -0.000320347
134.706 -0.000392783
135.732 -0.000328225
136.757 -6.42466e-005
137.782 -0.000281232
138.808 -0.000299883
139.834 -7.97934e-005
140.86 0.000247773
141.881 0.000146124
142.899 5.9013e-005
143.92 3.10429e-005
144.944 0.000122889
145.967 0.000241347
146.993 0.000245646
148.019 0.000125022
149.037 5.96663e-006
150.057 -2.23922e-005
151.078 3.91092e-005
152.102 0.000113339
153.127 0.000146957
154.151 -4.80413e-005
155.173 -0.000144822
156.192 -0.000119243
157.213 -6.48354e-005
158.236 3.74362e-005
159.261 5.2454e-005
160.287 -1.79009e-005
161.305 -4.19013e-005
162.326 1.94289e-005
163.351 0.000107139
164.377 0.000167717
165.395 0.000141173
166.418 6.0303e-006
167.442 -9.13289e-005
168.459 3.03277e-005
169.481 0.000167016
170.504 0.000263801
171.523 0.000249464
172.546 8.87871e-005
173.569 -5.79378e-005
174.588 -9.22687e-005
175.61 3.42048e-005
176.636 0.000140534
177.657 0.000128032
178.678 -7.437e-007
179.699 -0.000204363
180.724 -0.000185271
181.748 -8.08385e-005
182.773 7.06629e-005
183.793 7.0072e-005
184.816 -5.93e-006
185.845 -0.00014282
186.867 -0.000132347
187.892 -3.22478e-005
188.911 9.30162e-005
189.934 6.88824e-005
190.961 -8.78646e-005
191.981 -0.000233719
193.005 -0.000212166
194.031 -5.40673e-005
195.051 2.46724e-005
196.075 2.4343e-005
197.102 -4.30364e-005
198.121 -0.000134049
199.144 -0.000125892
200.17 -4.5196e-006
201.197 0.000136317
202.215 0.000105175
203.235 2.8409e-006
204.258 -5.84483e-005
205.283 -3.75535e-005
206.307 1.17339e-005
207.332 0.000129904
208.355 0.000135355
209.372 0.000112614
210.39 7.40899e-005
211.409 0.000114171
212.431 0.000206748
213.455 0.000286151
214.48 0.000226138
215.503 0.000164629
216.527 7.94226e-005
217.552 9.72447e-005
218.578 0.000200974
219.603 0.000260526
220.629 0.000306108
221.654 -0.000428739
222.679 -0.000411878
223.704 -0.000300638
224.729 -0.000316369
225.754 -0.000388886
226.778 -0.000336428
227.802 -0.000207488
228.825 -0.000267185
229.848 -0.00039106
230.872 -0.000357803
231.895 -0.000211078
232.919 -0.000241937
233.942 -0.000363931
234.966 -0.000326635
235.988 -0.00019676
237.012 -0.000210176
238.035 -0.00034283
239.059 -0.000353736
240.082 -0.000204816
241.105 -0.000230852
242.128 -0.000305532
243.152 -0.000276784
244.176 -0.000155538
245.2 -0.000151473
246.225 -0.000289887
247.249 -0.000197879
248.275 -7.34297e-005
249.299 -9.67026e-005
250.315 -0.00014646
251.334 -0.000125741
252.354 -5.77127e-005
253.376 -9.468e-005
254.4 -0.00014273
255.428 -0.000109617
256.448 6.2034e-006
257.469 1.2176e-006
258.493 -0.000117115
259.518 9.3496e-006
260.54 0.000102436
261.562 2.936e-005
262.588 -9.1375e-005
263.609 -7.65588e-005
264.633 -7.3463e-006
265.659 -6.08493e-005
266.683 -0.000144687
267.745 -3.09706e-005
268.867 6.39562e-005
269.994 4.71139e-005
271.122 -8.63178e-005
272.246 -8.57911e-005
273.373 3.20191e-005
274.5 -2.14164e-005
275.627 -0.00017015
276.758 -0.000174887
277.883 2.93334e-005
279.013 9.2223e-005
280.139 -5.71404e-005
281.265 -4.91817e-005
282.393 9.5013e-005
283.516 4.72312e-005
284.644 -0.000116086
285.771 -8.03705e-005
286.899 8.14445e-005
288.031 9.92934e-005
289.156 -1.66208e-005
290.286 2.80226e-005
291.411 0.000168485
292.537 0.000130922
293.667 5.44375e-005
294.793 0.000137812
295.919 0.000252967
297.044 0.000267268
298.172 0.000143659
299.301 0.000121636
300.432 0.000210839
301.554 0.000268277
302.678 0.000203681
303.806 0.000224061
304.936 0.000290222
306.059 0.000246996
307.183 0.000158891
308.307 0.000201529
309.433 0.000298166
310.558 0.000311669
311.684 0.000233418
312.81 0.00027789
313.931 0.00038219
315.057 0.000400173
316.184 0.000334233
317.31 0.000342885
318.435 0.000472693
319.564 0.000488024
320.691 0.000367933
321.814 0.000373042
322.94 0.000472871
324.066 0.000458926
325.19 0.000371791
326.313 0.00036661
327.438 0.000530055
328.565 0.000542332
329.688 0.000428394
330.813 0.000398555
331.943 0.000531761
333.069 0.000524486
334.196 0.000371932
335.322 0.000380769
336.446 0.000493242
337.572 0.000484878
338.693 0.000351103
339.817 0.000344811
340.946 0.000439347
342.069 0.000418167
343.196 0.000357352
344.32 0.000372963
345.445 0.000496682
346.573 0.000509068
347.702 0.000397828
348.828 0.000410697
349.952 0.00050145
351.075 0.000516283
352.199 9.22459e-005
353.324 5.56634e-005
354.449 0.000177757
355.579 0.000438207
356.708 -0.000160023
357.836 0.000482794
358.965 0.000368947
360.092 0.000348248
361.216 0.000478033
362.339 0.000515798
363.463 0.000132637
364.588 7.9696e-005
365.712 8.93509e-005
366.839 -8.30027e-005
367.966 -0.00019772
369.096 -0.000188818
370.22 5.2829e-006
371.345 0.000173924
372.474 0.000131852
373.598 -0.000103442
374.725 -0.00018924
375.855 0.000386408
376.981 1.47936e-005
378.108 -6.66444e-005
379.237 -0.000170023
380.359 -6.79533e-005
381.485 0.000112172
382.61 0.00021049
383.737 0.000195026
384.868 6.97934e-005
385.998 -5.79951e-005
387.126 -0.00016346
388.255 -0.000466018
389.381 -0.000225236
390.508 0.000163739
391.634 1.60137e-005
392.758 -0.00012046
393.887 -0.000150328
395.01 -0.000102076
396.136 8.09379e-005
397.265 0.000539171
398.391 0.00052044
399.518 0.000107867
400.647 -9.75039e-006
401.771 0.00027768
402.897 0.000422842
404.027 0.000561318
405.153 -2.86457e-006
406.281 -4.4579e-005
407.403 0.000532385
408.529 0.000425393
409.657 -0.000273356
410.784 0.000524599
411.912 0.000479921
413.04 0.0003401
414.169 0.000323981
415.295 0.000321328
416.422 0.000292256
417.55 0.000203999
418.676 0.000233026
419.802 0.000361757
420.929 0.000438759
422.056 0.000386736
423.182 0.000408221
424.308 0.000539946
425.435 0.000535944
426.564 0.000402287
427.694 0.000444765
428.82 0.000575357
429.947 8.62549e-005
431.077 -0.000102734
432.209 2.30461e-005
433.335 2.8687e-005
434.461 -4.2799e-005
435.589 -0.000143399
436.717 -0.000172805
437.841 -0.000116632
438.968 6.55925e-005
440.096 0.000536044
441.22 0.000469582
442.345 0.000348174
443.473 0.0003477
444.601 0.000477875
445.729 0.000454556
446.859 0.000331622
447.988 0.000389862
449.114 0.00055127
450.239 0.000502674
451.366 0.000402456
452.494 0.000430926
453.621 0.000214061
454.744 0.000438854
455.869 0.000507223
456.997 0.000488824
458.121 0.000386033
459.247 0.000393836
460.374 0.000494427
461.498 0.000450283
462.625 0.000399529
463.751 0.000412601
464.879 0.000498851
466.01 0.000500562
467.136 0.000113555
468.264 1.40275e-005
469.393 8.98527e-006
470.516 -8.54271e-005
471.642 -9.04625e-005
472.771 -4.81576e-005
473.895 -1.0607e-005
475.021 -0.000246814
476.15 -0.000366654
477.273 -0.00042167
478.397 -0.000366222
479.524 -0.000190156
480.648 -7.8116e-005
481.775 -7.45227e-005
482.906 0.000104894
484.03 0.000358396
485.159 0.000473207
486.29 0.000140085
487.413 0.000100145
488.54 -0.000197041
489.671 -0.000250445
490.797 -8.84232e-005
491.923 -3.15475e-005
493.051 0.000160433
494.182 0.000487647
495.307 -0.000118326
496.435 -0.000138191
497.564 -0.000445892
498.694 -0.00017838
499.821 0.000212535
500.949 0.000475231
502.078 0.000207673
503.204 0.000119257
504.331 -0.000468661
505.458 -0.00018418
506.611 -0.00411573
507.786 -0.00822359
508.964 -0.0123726
510.137 -0.0164755
511.317 -0.0206172
512.487 -0.0247317
513.665 -0.0289003
514.839 -0.0331607
516.02 -0.0378087
517.189 -0.0423885
518.368 -0.0465703
519.538 -0.0507132
520.717 -0.0553026
521.884 -0.0598721
523.055 -0.0644226
524.224 -0.0689866
525.386 -0.0735175
526.558 -0.0780656
527.717 -0.0825422
528.884 -0.0868511
530.049 -0.0907909
531.208 -0.0947628
532.378 -0.0986979
533.535 -0.10251
534.683 -0.10635
535.845 -0.11058
536.996 -0.114871
538.142 -0.119029
539.3 -0.122791
540.447 -0.126425
541.583 -0.130005
542.729 -0.133826
543.874 -0.137894
545.007 -0.141915
546.133 -0.14588
547.273 -0.149861
548.404 -0.153773
549.523 -0.157608
550.638 -0.161343
551.767 -0.164657
552.886 -0.167826
553.994 -0.170941
555.113 -0.174381
556.232 -0.177983
557.339 -0.181513
558.435 -0.184956
559.525 -0.188337
560.628 -0.191711
561.723 -0.195024
562.808 -0.198259
563.882 -0.201425
564.966 -0.204293
566.045 -0.206828
567.043 -0.209131
568.01 -0.211347
568.988 -0.213579
569.961 -0.215699
570.925 -0.217765
571.881 -0.219796
572.845 -0.222218
573.806 -0.224644
574.757 -0.227012
575.699 -0.229305
576.649 -0.231251
577.595 -0.232972
578.531 -0.234653
579.476 -0.236378
580.417 -0.237979
581.347 -0.239514
582.274 -0.241084
583.206 -0.242554
584.127 -0.243942
585.047 -0.245383
585.97 -0.246706
586.907 -0.243749
587.9 -0.231255
588.896 -0.218409
589.895 -0.205917
590.896 -0.193497
591.899 -0.181395
592.901 -0.16924
593.906 -0.156719
594.91 -0.144254
595.916 -0.132229
596.921 -0.120578
597.928 -0.108729
598.934 -0.0964028
599.938 -0.0845057
600.942 -0.0729337
601.948 -0.0614914
602.955 -0.0498716
603.962 -0.0378573
604.969 -0.0258377
605.976 -0.0142071
606.984 -0.00319409
607.992 3.85882e-005
608.997 0.000202847
610.002 -0.00024761
611.009 -0.000393129
612.015 -0.000184417
613.021 -0.000313031
614.027 6.89033e-005
615.033 -0.000392484
616.038 -0.000161791
617.043 -0.000227605
618.049 8.58068e-005
619.055 8.32561e-005
620.062 -0.000148035
621.068 0.000261343
622.074 -0.000133777
623.08 -0.00020529
624.087 -7.61512e-005
625.093 -0.000422203
626.098 4.23915e-005
627.103 -0.000175833
628.106 1.3588e-006
629.11 -0.000265503
630.116 -2.65247e-005
631.121 -0.000361847
632.129 -0.000305843
633.134 -0.000365878
634.139 -0.000265777
635.144 9.38888e-005
636.15 -0.000302148
637.157 -0.000183607
638.163 -0.000367618
639.169 -5.39064e-005
640.176 -0.000158954
641.183 5.04234e-006
642.189 -0.000233519
643.195 -0.000328528
644.2 3.24965e-005
645.206 4.76238e-005
646.212 -0.000235427
647.218 3.31046e-005
648.224 -1.31846e-005
649.23 5.45255e-005
650.237 -0.00044775
651.242 -0.000276399
652.25 -0.000336945
653.256 -0.00023142
654.26 -2.59041e-005
655.267 5.23448e-005
656.271 -4.66463e-005
657.277 0.000154149
658.284 -8.40306e-005
659.29 -3.26039e-005
660.296 -0.000484312
661.3 -0.000232447
662.308 -8.83577e-005
663.314 -6.26449e-005
664.32 -0.000192176
665.325 -0.000327993
666.328 7.16329e-005
667.334 -0.000191724
668.341 -0.000369119
669.347 -0.000302554
670.352 -0.000214398
671.358 -0.000201844
672.361 -0.000340641
673.368 4.42503e-005
674.374 -0.000255132
675.38 -0.000108027
676.385 7.78557e-005
677.391 -0.000112283
678.4 0.000149024
679.406 -0.000613034
680.411 4.40598e-005
681.415 -9.33768e-005
682.422 -0.000317561
683.429 8.26952e-005
684.434 -0.000387824
685.439 4.47271e-005
686.442 -0.000174784
687.446 -8.85012e-005
688.452 0.000137461
689.459 -6.71387e-005
690.464 -0.000270403
691.467 -0.000337517
692.471 -0.000393832
693.476 7.63296e-005
694.481 -0.000212538
695.484 -0.000130033
696.489 -0.000167596
697.494 -0.00032649
698.5 -0.000226903
699.506 -0.000344752
700.511 -4.35353e-005
701.516 -0.000174462
702.522 -0.00039289
703.528 -3.56915e-005
704.536 -0.000197733
705.543 1.04663e-005
706.549 -6.97723e-005
707.554 -0.00041895
708.559 7.50536e-005
709.563 -0.000144172
710.568 -2.18991e-005
711.575 4.05911e-005
712.581 -0.000287842
713.586 -9.89556e-005
714.589 -0.000193131
715.594 -0.000103795
716.599 -0.000419713
717.603 -0.0004295
718.607 -0.000119877
719.61 -0.000159383
720.615 -0.000229645
721.62 -0.000257361
722.627 -0.000115657
723.634 -0.000232923
724.64 0.000142062
725.646 -0.000345755
726.652 -0.000238156
727.658 -2.01454e-006
728.664 -9.96353e-005
729.669 -0.00017078
730.674 -3.98993e-005
731.678 -0.000365698
732.682 -0.000208175
733.686 -0.000242435
734.689 -0.000382292
735.695 2.66195e-005
736.701 -5.60042e-005
737.706 -0.000206077
738.711 -0.000419926
739.719 -0.000160157
740.729 -0.000191796
741.74 -2.68575e-005
742.754 -0.000113189
743.766 -0.000270855
744.777 -0.000354827
745.789 -0.000270772
746.8 0.000123715
747.811 -0.000538015
748.822 -0.00023588
749.832 -0.00040667
750.841 -0.000203288
751.855 4.78148e-005
752.869 -0.000419652
753.882 -0.00020101
754.893 -2.85746e-005
755.903 -0.000241184
756.918 5.20111e-005
757.932 -0.000357961
758.943 -0.000253141
759.953 -0.000534487
760.964 -0.000144863
761.973 -0.000182259
762.982 -0.000299191
763.995 0.000242091
765.008 -0.000186146
766.018 6.86288e-005
767.03 -0.000132716
768.042 0.00011816
769.053 0.000271237
770.063 -0.000540067
771.076 -0.000140215
772.084 1.31486e-005
773.095 -0.000220693
774.106 -0.000159634
775.116 -0.000306129
776.131 -0.000300157
777.143 -0.000388515
778.155 -6.19411e-005
779.165 -0.000360799
780.18 -0.000225938
781.192 -0.000168276
782.203 -0.000205386
783.213 -0.000113952
784.228 -0.000265098
785.241 2.33293e-005
786.251 0.000177837
787.262 -0.000219035
788.273 4.00422e-005
789.285 -0.000579966
790.296 -0.000393842
791.308 -0.000285005
792.318 -0.000214457
793.328 -0.000398624
794.338 -0.00035882
795.348 -0.0002303
796.359 4.51802e-005
797.373 -0.000168884
798.387 -8.15039e-005
799.402 -0.000234199
800.418 -0.000369382
801.433 -0.000128436
802.449 -0.000427496
803.465 -9.27562e-005
804.48 -0.000290322
805.496 -0.000163162
806.506 -0.000118148
807.521 -2.97665e-005
808.534 -1.88107e-005
809.547 6.83903e-005
810.562 -0.000302112
811.575 -0.000209606
812.588 -3.15433e-005
813.605 -0.000170958
814.615 -0.000158632
815.629 -0.000144875
816.648 -5.56466e-005
817.662 -3.83376e-005
818.679 -0.000267149
819.691 -2.28168e-005
820.706 -0.000364519
821.721 -1.95141e-005
822.733 -0.000178027
823.749 8.81315e-005
824.76 -0.000291621
825.777 -0.000150741
826.792 -0.000282526
827.808 -0.000195563
828.825 -0.00022285
829.839 -0.000237525
830.858 -0.000113522
831.87 -0.000186789
832.885 7.16574e-005
833.896 -0.000466095
834.913 -0.000279594
835.926 8.09906e-005
836.946 -0.000152731
837.957 -0.000328219
838.974 -0.000190699
839.986 -0.000258112
841.004 -0.000304473
842.018 3.20193e-005
843.036 -0.000249863
844.046 -0.000250053
845.061 -0.000262678
846.075 -7.05001e-005
847.091 -0.00012455
848.108 -0.000356806
849.122 -0.000200952
850.135 5.76735e-005
851.148 -0.000303971
852.164 -6.74253e-005
853.175 -9.42467e-005
854.192 -5.72445e-005
855.204 0.000113082
856.22 -0.000118447
857.237 -0.000204897
858.251 -0.000233948
859.267 -0.000335026
860.278 1.74402e-005
861.292 -0.000341594
862.305 -5.70178e-005
863.317 -0.000187314
864.331 -0.000202859
865.342 -0.000100708
866.356 -0.000509643
867.371 -0.000225997
868.384 -2.62262e-005
869.396 -0.000497425
870.41 -8.54371e-005
871.425 -0.000348246
872.436 -0.000361979
873.45 -1.67965e-005
874.463 -9.55705e-005
875.475 -0.000441182
876.484 -9.32095e-005
877.497 -5.37991e-005
878.51 0.000136483
879.526 -0.000454092
880.541 -0.000359511
881.553 -8.63905e-005
882.565 4.8697e-005
883.58 -0.000340116
884.596 -0.000106704
885.611 1.7774e-005
886.622 1.4317e-005
887.637 -0.000371969
888.649 -0.000171399
889.662 -0.000247156
890.677 -0.000334215
891.691 -1.57237e-005
892.706 -0.000246989
893.717 -0.000273669
894.729 -0.000366724
895.742 -0.000279188
896.757 -8.33507e-005
897.772 -0.000290132
898.787 -9.54859e-006
899.8 -0.000100696
900.811 -0.000374114
901.825 -0.000384415
902.84 8.39472e-005
903.856 -0.000508201
904.87 8.7464e-005
905.881 -2.92659e-005
906.894 0.000303412
907.907 -0.000300539
908.923 -0.000153482
909.938 -0.000227129
910.949 -1.01328e-006
911.961 -0.000129926
912.976 -0.000217211
913.992 -0.000163293
915.007 -0.000191176
916.019 0.000109054
917.032 -0.00021528
918.046 5.02942e-005
919.061 -0.000706471
920.078 -0.000259543
921.089 -3.01482e-005
922.103 -0.000363051
923.117 -0.000119246
924.133 -2.56536e-005
925.143 0.000241482
926.155 -6.72463e-005
927.169 -0.000252139
928.185 -7.23958e-005
929.196 -0.000222493
930.21 -0.000306105
931.224 -3.58702e-005
932.239 6.80919e-005
933.255 -0.000276518
934.266 0.000117719
935.279 -0.00023613
936.293 0.000116944
937.31 -0.0001171
938.32 -0.000150073
939.332 -0.00032556
940.346 -0.000482023
941.362 -1.16945e-005
942.378 -0.000180769
943.388 0.000103283
944.401 -0.000279628
945.415 -0.000167501
946.43 -3.97686e-005
947.441 -0.00014559
948.456 -0.000244772
949.472 -0.000143588
950.484 -0.000245095
951.496 -0.00023601
952.511 8.3503e-007
953.527 -6.94989e-005
954.539 -0.000262963
955.551 -9.30311e-005
956.567 -0.000362468
957.583 -0.000220048
958.593 -0.000257409
959.606 5.17843e-005
960.62 -0.000527728
961.636 -0.000191939
962.647 -0.000408042
963.661 4.17238e-005
964.676 -0.000365806
965.692 -0.000193298
966.703 -0.000257468
967.716 1.6693e-006
968.73 -0.000561798
969.746 3.99588e-005
970.756 -0.000513364
971.769 0.00015136
972.784 -0.000240099
973.8 -0.000167823
974.81 4.07097e-005
975.825 -0.000184894
976.84 -0.00017581
977.852 -0.000307357
978.865 -0.000172746
979.88 -0.000202739
980.895 -0.000267685
981.907 -0.000328934
982.921 0.000165176
983.934 -0.000254834
984.947 0.000143492
985.963 9.80267e-005
986.974 -8.06689e-005
987.986 -0.000307083
989.001 -6.29787e-005
990.011 -0.000203824
991.024 0.000130307
992.038 -0.000320578
993.054 -8.31723e-005
994.065 5.88536e-005
995.078 3.12809e-005
996.093 -0.000174963
997.104 -0.000257218
998.117 -0.000231147
999.131 1.82356e-006
1000.14 -0.000336444
1001.16 -2.6107e-006
1002.17 -4.37849e-005
1003.18 -0.000262404
1004.2 -5.41681e-005
1005.21 -0.000206554
1006.22 -2.25189e-005
1007.24 -0.000126064
1008.25 -0.000203717
1009.26 2.68816e-005
1010.28 -3.66925e-005
1011.29 1.09316e-005
1012.31 -2.64528e-005
1013.32 -0.000158668
1014.34 -0.000284134
1015.35 -0.000487233
1016.36 8.04902e-005
1017.38 -0.000184417
1018.39 0.000276339
1019.41 -0.000349414
1020.42 -0.000190521
1021.43 -0.000151051
1022.45 -2.29479e-005
1023.46 -0.000290693
1024.47 4.43464e-005
1025.49 -0.0002334
1026.5 -0.000391722
1027.52 3.736e-005
1028.53 7.26228e-005
1029.54 -0.000325763
1030.55 0.000247693
1031.57 1.83698e-005
1032.58 -8.76661e-005
1033.6 -0.000143898
1034.61 -0.000338292
1035.62 -0.000303745
1036.64 -0.00020448
1037.65 -2.76089e-005
1038.66 1.11821e-005
1039.68 -0.000242698
1040.69 -0.000176025
1041.71 -4.63243e-005
1042.72 -0.000370038
1043.73 3.60371e-005
1044.75 -0.000223876
1045.76 5.07358e-005
1046.77 -0.000203741
1047.79 -0.000116933
1048.8 -0.000248313
1049.81 -0.000289727
1050.83 -0.000433636
1051.84 -0.000179291
1052.86 -3.16146e-005
1053.87 -0.000234937
1054.89 -1.80007e-005
1055.9 -0.000203563
1056.91 -0.000199592
1057.93 -0.000207663
1058.94 -0.000169158
1059.96 2.90518e-005
1060.97 4.38701e-006
1061.99 -0.000127769
1063 0.000122178
1064.01 -0.000431609
1065.03 5.83172e-005
1066.04 -0.00022664
1067.03 -0.000879205
1067.97 -0.000828421
1068.92 -0.000638592
1069.87 -0.000724041
1070.82 -0.000848424
1071.77 -0.000928032
1072.72 -0.00081755
1073.67 -0.000574052
1074.63 -0.000803578
1075.58 -0.000681079
1076.53 -0.000707233
1077.49 -0.000466251
1078.44 -0.000903952
1079.39 -0.000764548
1080.34 -0.000418436
1081.3 -0.000787484
1082.25 -0.000675881
1083.21 -0.000492084
1084.17 -0.000795329
1085.12 -0.00054692
1086.08 -0.000733543
1087.04 -0.000441838
1088 -0.00061363
1088.95 -0.000461638
1089.91 -0.000689912
1090.87 -0.000632834
1091.83 -0.000611258
1092.79 -0.000388121
1093.75 -0.000519883
1094.71 -0.000541985
1095.67 -0.000529026
1096.63 -0.000565767
1097.59 -0.000437533
1098.56 -0.000347376
1099.52 -0.000486326
1100.48 -0.000626314
1101.44 -0.000437927
1102.41 -0.000550544
1103.37 -0.000487756
1104.33 -0.00051887
1105.3 -0.000409889
1106.27 -0.000552822
1107.24 -0.000456214
1108.21 -0.000177789
1109.17 -0.000351
1110.14 -0.000576043
1111.12 -0.000288749
1112.09 -0.000324297
1113.06 -0.000543284
1114.03 -0.000368666
1115 -0.000220394
1115.96 -0.000379396
1116.94 -0.000584674
1117.91 -0.000460219
1118.89 -0.000548768
1119.86 -0.000343084
1120.84 -0.000375843
1121.81 -0.000549722
1122.79 -0.000356817
1123.76 -0.000256753
1124.73 -0.000386691
1125.7 -0.00042448
1126.67 -0.000329232
1127.65 -0.00041244
1128.62 -0.00110688
1129.61 -0.000323272
1130.58 -0.00104651
1131.56 -0.000375509
1132.54 -0.00039134
1133.52 -0.000394273
1134.49 -0.000286031
1135.47 -0.000644803
1136.44 -0.000674963
1137.42 -0.00102561
1138.39 -0.000932027
1139.38 -0.00102604
1140.35 -0.000264788
1141.33 -0.00104163
1142.31 -0.000992633
1143.3 -0.000789188
1144.27 -0.00105984
1145.24 -0.000945902
1146.23 -0.000963021
1147.2 -0.000875163
1148.19 -0.0008502
1149.17 -0.0009346
1150.16 -0.000358152
1151.14 -0.000891304
1152.12 -0.000379658
1153.09 -0.000729991
1154.07 -0.000359106
1155.05 -0.000271463
1156.04 -0.000794339
1157.02 -0.000291681
1158.01 -0.000337481
1158.99 -0.000698972
1159.97 -0.00103669
1160.96 -0.000211859
1161.94 -0.000110841
1162.93 -0.00096221
1163.9 -0.000291061
1164.89 -0.000286627
1165.87 -0.000129008
1166.85 -0.000825715
1167.83 -0.000883602
1168.82 -0.000830245
1169.81 -0.000737191
1170.79 -0.000741911
1171.78 -0.000995779
1172.77 -0.000970983
1173.75 -0.00053401
1174.74 -0.000830436
1175.72 -0.000641846
1176.7 -0.000676274
1177.69 -0.000772619
1178.68 -0.000437284
1179.66 -0.000717616
1180.64 -0.000433827
1181.62 -0.000741815
1182.61 -0.0010277
1183.59 -0.000928211
1184.57 -0.000854254
1185.56 -0.000999022
1186.54 -0.000881671
1187.52 -0.000979448
1188.51 -0.000830889
1189.5 -0.00118094
1190.48 -0.000934434
1191.45 -0.000881076
1192.44 -0.000377369
1193.44 -0.000906706
1194.42 -0.000437212
1195.4 -0.000924396
1196.38 -0.00039103
1197.35 -0.000961352
1198.33 -0.000298452
1199.33 -0.00105913
1200.32 -0.000307632
1201.31 -0.00103388
1202.3 -0.000367236
1203.29 -0.000347543
1204.27 -0.000409746
1205.26 -0.0010773
1206.25 -0.000406622
1207.23 -0.000269723
1208.22 -0.000591945
1209.21 -0.000320196
1210.2 -0.000347877
1211.19 -0.00043664
1212.19 -0.000323129
1213.18 -0.000230217
1214.18 -0.000219798
1215.18 -0.000704288
1216.19 -0.000297642
1217.2 -0.000300121
1218.21 -0.000342584
1219.23 -0.000384808
1220.25 -0.000508023
1221.27 -0.000324058
1222.3 -0.000563741
1223.34 -0.000375271
1224.38 -0.000496507
1225.43 -0.000442672
1226.48 -0.00058763
1227.54 -0.000544977
1228.6 -0.000480462
1229.67 -0.000391031
1230.75 -0.000616861
1231.83 -0.000474619
1232.93 -0.000607968
1234.03 -0.000521039
1235.13 -0.000644732
1236.25 -0.000407529
1237.37 -0.000528145
1238.5 -0.000685096
1239.63 -0.000691485
1240.78 -0.000665951
1241.93 -0.000736642
1243.09 -0.000577474
1244.26 -0.000465679
1245.43 -0.000711251
1246.62 -0.00080042
1247.81 -0.000576329
1249.01 -0.000644112
1250.22 -0.00087881
1251.44 -0.000954769
1252.66 -0.000728895
1253.9 -0.000866367
1255.14 -0.000632955
1256.39 -0.000986244
1257.65 -0.000578691
1258.92 -0.0008317
1260.19 -0.000927592
1261.48 -0.000788356
1262.77 -0.000995684
1264.07 -0.00103817
1265.38 -0.000654365
1266.69 -0.00108757
1268.02 -0.000986625
1269.35 -0.000839617
1270.69 -0.001088
1272.04 -0.00111118
1273.39 -0.00099783
1274.75 -0.000869037
1276.12 -0.00120316
1277.5 -0.00131169
1278.89 -0.00125942
1280.28 -0.00124335
1281.68 -0.00105658
1283.08 -0.00110259
1284.5 -0.0011487
1285.92 -0.00123372
1287.34 -0.0012847
1288.77 -0.0011313
1290.21 -0.00117011
1291.65 -0.00155115
1293.11 -0.00152178
1294.56 -0.00116105
1296.02 -0.00107703
1297.49 -0.00213809
1298.96 -0.000956156
1300.43 -0.00169506
1301.91 -0.00178137
1303.4 -0.00170264
1304.89 -0.00111265
1306.38 -0.00210862
1307.88 -0.000906755
1309.39 -0.00188918
1310.89 -0.0023943
1312.41 -0.00162917
1313.92 -0.00111413
1315.44 -0.000600959
1316.96 -0.00027218
1318.48 -0.000382568
1320.01 -0.000519325
1321.54 -0.000731804
1323.08 -0.00145178
1324.61 -0.00228582
1326.15 -0.0031332
1327.69 -0.00444412
1329.22 -0.00602436
1330.77 -0.00760808
1332.31 -0.00949302
1333.85 -0.0118567
1335.39 -0.0142235
1336.93 -0.0167395
1338.47 -0.0198709
1340.01 -0.0230702
1341.55 -0.0263025
1343.08 -0.0301627
1344.62 -0.0342262
1346.15 -0.038268
1347.68 -0.0427834
1349.21 -0.0477398
1350.73 -0.0526593
1352.25 -0.057795
1353.76 -0.0636105
1355.27 -0.0694252
1356.78 -0.0752529
1358.27 -0.0818028
1359.76 -0.0885129
1361.25 -0.095146
1362.72 -0.102215
1364.19 -0.109814
1365.65 -0.117311
1367.13 -0.117811
1368.82 -0.0748883
1370.55 -0.0244427
1372.28 0.00892834
1374 0.0146868
1375.72 0.0198353
1377.44 0.0247691
1379.15 0.0284172
1380.86 0.0318466
1382.56 0.0350963
1384.26 0.0372167
1385.95 0.0391211
1387.64 0.0408967
1389.32 0.0416784
1391 0.0422312
1392.68 0.0427033
1394.35 0.0423141
1396.02 0.0416692
1397.69 0.0409841
1399.35 0.039572
1401.01 0.037862
1402.66 0.0361399
1404.31 0.0338319
1405.96 0.0311705
1407.61 0.0285092
1409.25 0.0254213
1410.89 0.0219076
1412.53 0.0183969
1414.16 0.0146069
1415.8 0.0103351
1417.43 0.00605693
1419.06 0.00174022
1420.69 0.00131278
1422.32 0.000980758
1423.94 0.000943135
1425.56 0.00091109
1427.18 0.000972412
1428.79 0.000808525
1430.4 0.00106425
1432 0.000796078
1433.61 0.000560377
1435.21 0.000792835
1436.8 0.000742578
1438.4 0.000592946
1439.99 0.000582598
1441.58 0.000551889
1443.16 0.000548218
1444.74 0.00045576
1446.32 0.000660608
1447.9 0.00163708
1449.47 0.000911807
1451.04 0.00186643
1452.61 0.000702426
1454.17 0.000479315
1455.73 0.00165987
1457.28 0.00144424
1458.82 0.00047035
1460.35 0.00162778
1461.88 0.0012248
1463.39 0.0015408
1464.9 0.00119366
1466.4 0.00150132
1467.88 0.0010829
1469.35 0.000961875
1470.82 0.00149789
1472.27 0.00158839
1473.71 0.00104794
1475.14 0.00166907
1476.56 0.00111441
1477.97 0.00106888
1479.37 0.00111627
1480.75 0.000964402
1482.13 0.00082116
1483.49 0.0012712
1484.84 0.00085268
1486.19 0.00142546
1487.52 0.00101924
1488.84 0.000507306
1490.15 0.00110273
1491.46 0.000673341
1492.75 0.000500582
1494.04 0.00092492
1495.31 0.000504444
1496.58 0.000952814
1497.84 0.000665758
1499.09 0.000465057
1500.34 0.000769613
1501.57 0.000597618
1502.8 0.000949714
1504.03 0.000332497
1505.25 0.00070462
1506.46 0.000622223
1507.67 0.00070896
1508.88 0.000608204
1510.08 0.00079932
1511.28 0.000937986
1512.48 0.000410793
1513.68 0.000478504
1514.87 0.000654982
1516.06 0.00102525
1517.25 0.000746201
1518.42 0.000679539
1519.6 0.000919722
1520.77 0.000645112
1521.94 0.00138721
1523.1 0.000628089
1524.25 0.000711679
1525.4 0.000774382
1526.54 0.000722215
1527.68 0.000618122
1528.8 0.00124688
1529.92 0.000233983
1531.04 0.0007668
1532.14 0.00111089
1533.24 0.000677775
1534.33 0.000184964
1535.41 0.00120721
1536.49 0.000743293
1537.55 0.00054569
1538.61 0.00113907
1539.68 0.000763462
1540.75 0.000170945
1541.81 0.000968549
1542.87 0.000272463
1543.94 0.000196074
1545 0.000407599
1546.08 0.000826976
1547.15 0.000362681
1548.21 0.000988148
1549.28 0.000822304
1550.35 0.000457238
1551.42 0.000905892
1552.5 0.0010746
1553.56 0.000876711
1554.63 0.00111732
1555.71 0.000411797
1556.78 0.000216842
1557.85 0.000407362
1558.92 0.00106378
1560 0.000422478
1561.07 0.00051198
1562.14 0.000474762
1563.22 0.00119712
1564.29 0.000364948
1565.38 0.000566219
1566.45 0.000410604
1567.53 0.000528216
1568.61 0.000361848
1569.68 0.000714684
1570.77 0.000710917
1571.85 0.000643062
1572.93 0.000367426
1574.01 0.000683379
1575.09 0.000705552
1576.18 0.000469064
1577.26 0.000800896
1578.35 0.000539399
1579.43 0.000704812
1580.52 0.000555993
1581.61 0.00077858
1582.69 0.000473023
1583.78 0.000764418
1584.87 0.000976992
1585.96 0.000810099
1587.06 0.00080924
1588.15 0.000777983
1589.24 0.000845432
1590.35 0.000871372
1591.44 0.00071354
1592.54 0.00119345
1593.64 0.0010922
1594.74 0.000441408
1595.84 0.00166035
1596.95 0.000539732
1598.06 0.00148094
1599.15 0.00114388
1600.27 0.00140924
1601.39 0.00177708
1602.49 0.00214424
1603.59 0.00165172
1604.64 -0.000281334
1605.66 -0.000128198
1606.67 -8.14205e-005
1607.7 8.54014e-005
1608.72 2.86813e-005
1609.74 -0.000141312
1610.76 0.000268984
1611.78 8.59023e-005
1612.8 -2.4891e-005
1613.83 -1.77624e-005
1614.85 -0.000131512
1615.87 -0.00032177
1616.89 -0.000421572
1617.91 0.000199532
1618.93 9.52722e-005
1619.96 -0.000111771
1620.98 -0.000253749
1622 -0.000235152
1623.02 0.00014162
1624.04 -0.00030284
1625.06 0.000401926
1626.08 0.000394463
1627.1 3.27109e-005
1628.13 1.66413e-005
1629.14 -0.000130796
1630.17 4.96619e-005
1631.19 0.000126957
1632.21 0.000124955
1633.23 -0.000389886
1634.25 -0.000170732
1635.28 -0.000115729
1636.3 0.000107598
1637.27 -0.00425656
1638.2 -0.00644929
1639.12 -0.00858085
1640.05 -0.010854
1640.97 -0.0133488
1641.9 -0.0153748
1642.83 -0.0168604
1643.76 -0.0178753
1644.7 -0.0191425
1645.63 -0.020313
1646.57 -0.0213584
1647.5 -0.0220903
1648.44 -0.0222111
1649.38 -0.0224294
1650.31 -0.0228001
1651.25 -0.0230802
1652.19 -0.0229718
1653.14 -0.022585
1654.08 -0.022017
1655.02 -0.0215793
1655.96 -0.0209758
1656.9 -0.020574
1657.85 -0.0196975
1658.8 -0.0185087
1659.75 -0.017148
1660.69 -0.016029
1661.64 -0.0149308
1662.59 -0.0134057
1663.54 -0.0111737
1664.49 -0.00869563
1665.44 -0.00614581
1666.39 -0.00346825
1667.35 -0.000954819
1668.3 -0.000805329
1669.27 -0.000661946
1670.22 -0.000568437
1671.17 -0.00092647
1672.13 -0.000696389
1673.1 -0.000532343
1674.06 -0.000399734
1675.01 -0.000626231
1675.97 -0.00049491
1676.94 -0.000727322
1677.9 -0.00074301
1678.87 -0.000449278
1679.83 -0.000520088
1680.8 -0.000484755
1681.76 -0.000602819
1682.72 -0.000592662
1683.68 -0.000565625
1684.65 -0.000462105
1685.62 -0.000482942
1686.59 -0.000566055
1687.56 -0.000462867
1688.53 -0.000278045
1689.5 -0.000356199
1690.47 -0.000537874
1691.44 -0.00037408
1692.41 -0.000350191
1693.38 -0.000609209
1694.36 -0.000606301
1695.33 -0.000504781
1696.31 -0.000426819
1697.28 -0.000321008
1698.26 -0.000475933
1699.23 -0.000410224
1700.21 -0.000863745
1701.18 -0.000441362
1702.15 -0.000967886
1703.12 -0.00179029
1704.05 -0.0037384
1704.98 -0.00539227
1705.92 -0.00703316
1706.85 -0.00863557
1707.79 -0.0102025
1708.73 -0.0112762
1709.67 -0.0121102
1710.61 -0.0130159
1711.54 -0.0138704
1712.48 -0.0147557
1713.42 -0.015469
1714.36 -0.015671
1715.3 -0.0158737
1716.25 -0.016069
1717.2 -0.016232
1718.14 -0.0166831
1719.09 -0.016921
1720.04 -0.0166714
1720.99 -0.0162328
1721.93 -0.0157959
1722.88 -0.0154975
1723.83 -0.0153726
1724.78 -0.0146127
1725.73 -0.0136062
1726.68 -0.0126209
1727.63 -0.0116346
1728.58 -0.0106208
1729.53 -0.00930886
1730.49 -0.0077744
1731.44 -0.00628672
1732.39 -0.00478058
1733.35 -0.00329895
1734.31 -0.00170875
1735.27 -0.000890446
1736.23 -0.000903513
1737.18 -0.000676968
1738.14 -0.00106917
1739.09 -0.00111179
1740.06 -0.000829745
1741.01 -0.000903369
1741.97 -0.000925351
1742.94 -0.000941992
1743.91 -0.000746061
1744.87 -0.000834944
1745.83 -0.000775386
1746.79 -0.000706675
1747.76 -0.000951579
1748.72 -0.000848772
1749.69 -0.000921394
1750.66 -0.000775863
1751.62 -0.000534822
1752.59 -0.000940658
1753.55 -0.000656272
1754.52 -0.000584222
1755.49 -0.000911428
1756.46 -0.000731803
1757.43 -0.000594523
1758.4 -0.000786832
1759.37 -0.000499871
1760.34 -0.000845195
1761.31 -0.000609734
1762.28 -0.000676538
1763.25 -0.00065384
1764.22 -0.000536634
1765.19 -0.000701094
1766.16 -0.000464632
1767.13 -0.000483991
1768.12 -0.000578548
1769.09 -0.000642206
1770.06 -0.000517275
1771.03 -0.00061846
1772.01 -0.000542165
1772.99 -0.000474741
1773.97 -0.000499012
1774.94 -0.000490762
1775.91 -0.000679781
1776.89 -0.000487424
1777.87 -0.000562669
1778.85 -0.00055194
1779.83 -0.000750877
1780.8 -0.000361397
1781.78 -0.000637915
1782.76 -0.000363781
1783.74 -0.000422098
1784.72 -0.000555087
1785.7 -0.000577261
1786.68 -0.000521137
1787.66 -0.000469544
1788.64 -0.000351049
1789.62 -0.000560333
1790.6 -0.000180389
1791.58 -0.000396825
1792.57 -0.000550654
1793.55 -0.000495102
1794.53 -0.000291492
1795.51 -0.000185205
1796.5 -0.000253107
1797.47 -0.00114107
1798.46 -0.000193168
1799.44 -0.000586893
1800.42 -0.00104509
1801.41 -0.000573446
1802.43 0.00474338
1803.54 0.0103314
1804.65 0.0149789
1805.75 0.0195496
1806.86 0.0241155
1807.97 0.0279608
1809.07 0.0313107
1810.16 0.0343682
1811.26 0.0374429
1812.36 0.0402496
1813.46 0.0420918
1814.55 0.04387
1815.65 0.045681
1816.74 0.0474576
1817.83 0.0486338
1818.92 0.0492543
1820 0.0498773
1821.08 0.0505074
1822.16 0.0511211
1823.24 0.0510174
1824.32 0.0506828
1825.4 0.050358
1826.48 0.0500301
1827.56 0.04951
1828.63 0.0483859
1829.71 0.0472335
1830.78 0.0460447
1831.85 0.0448339
1832.92 0.0433618
1833.99 0.0414536
1835.07 0.0395429
1836.13 0.037625
1837.2 0.0356944
1838.27 0.0336452
1839.34 0.0311819
1840.4 0.0285857
1841.47 0.0259665
1842.53 0.0233226
1843.59 0.0202445
1844.66 0.0170671
1845.72 0.0138776
1846.79 0.0106924
1847.86 0.00741853
1848.92 0.0037476
1849.98 0.000797939
1851.04 0.000499819
1852.09 0.000865888
1853.16 0.000357197
1854.21 0.000503014
1855.27 0.000543259
1856.33 0.000572537
1857.39 0.000553321
1858.45 0.000639532
1859.5 0.000614642
1860.56 0.000480698
1861.62 0.000395535
1862.68 0.000456952
1863.74 0.000456141
1864.8 0.000243901
1865.86 0.000377176
1866.92 0.000394629
1867.97 0.000421714
1869.02 0.000401495
1870.07 0.000859831
1871.13 0.00105519
1872.18 0.000820253
1873.23 0.000896643
1874.29 0.000258921
1875.34 0.000325249
1876.39 0.000808379
1877.45 0.000277041
1878.5 0.000327395
1879.55 0.000376986
1880.6 0.000454996
1881.65 0.000718973
1882.7 0.000331114
1883.75 0.000496768
1884.8 0.000558613
1885.85 0.00117302
1886.9 0.000637673
1887.95 0.000648926
1889 0.000961016
1890.05 0.000657509
1891.1 0.000875567
1892.15 0.000759934
1893.2 0.000569247
1894.25 0.000589464
1895.3 0.000623558
1896.36 0.000675486
1897.41 0.000773428
1898.46 0.00072956
1899.51 0.000706815
1900.56 0.000650643
1901.6 0.000705766
1902.65 0.000570964
1903.7 0.000891875
1904.74 0.00066142
1905.79 0.000840328
1906.84 0.000663946
1907.89 0.000843715
1908.94 0.00103283
1909.99 0.000545023
1911.03 0.00106468
1912.08 0.000574063
1913.13 0.000959586
1914.17 0.000712154
1915.22 0.000620602
1916.27 0.000455092
1917.32 0.000982713
1918.37 0.000421999
1919.42 0.000370119
1920.46 0.000587796
1921.51 0.000454091
1922.55 0.000373314
1923.6 0.000529431
1924.65 0.000461195
1925.7 0.000382613
1926.74 0.000431964
1927.79 0.000668858
1928.84 0.00059881
1929.89 0.000609205
1930.94 0.000879954
1931.98 0.000720166
1933.03 0.000422333
1934.08 0.000462579
1935.12 0.000894546
1936.17 0.000462912
1937.21 0.0002079
1938.25 0.000821112
1939.3 0.000350426
1940.34 0.000732896
1941.39 0.000381803
1942.43 0.00094075
1943.48 0.00044565
1944.53 0.00054345
1945.57 0.000145195
1946.62 0.000913189
1947.66 0.000542115
1948.71 0.00079131
1949.75 0.00021181
1950.8 0.000553797
1951.85 0.00079522
1952.89 0.000512693
1953.94 0.000201987
1954.98 0.000582645
1956.03 7.49094e-005
1957.07 0.000595091
1958.12 0.000256394
1959.16 0.000879476
1960.21 0.000580596
1961.25 0.000566909
1962.29 0.000103091
1963.34 0.000949048
1964.38 0.000931118
1965.43 0.000845049
1966.47 0.000698326
1967.52 0.00057349
1968.56 0.00049691
1969.6 0.000493573
1970.64 0.000362538
1971.68 0.000606106
1972.73 0.000709103
1973.77 0.000601482
1974.81 0.000410983
1975.86 0.000527904
1976.9 0.000635622
1977.94 0.000353955
1978.98 0.00057187
1980.03 0.000676917
1981.07 0.000309466
1982.11 0.000831651
1983.15 0.00035095
1984.19 0.00072932
1985.23 0.000380848
1986.27 0.000800419
1987.31 0.00031266
1988.35 0.00070338
1989.4 0.000141952
1990.44 0.000615213
1991.48 0.000578068
1992.52 0.000411557
1993.56 0.000767133
1994.61 0.000250624
1995.65 0.000403641
1996.69 0.000501582
1997.74 0.000689506
1998.78 0.000420476
1999.82 0.000575828
2000.86 0.000410032
2001.9 0.000551963
2002.94 0.000335861
2003.98 0.000537419
2005.03 0.000633693
2006.07 0.00035336
2007.11 0.000493479
2008.15 0.000598002
2009.19 0.000627946
2010.23 0.000489784
2011.27 0.000467777
2012.32 0.000456501
2013.36 0.000451541
2014.4 0.000471663
2015.44 0.000446891
2016.48 0.000478912
2017.52 0.000542902
2018.57 0.000559568
2019.6 0.000467063
2020.65 0.000420856
2021.69 0.000411916
2022.73 0.000355935
2023.77 0.000135255
2024.81 0.000476265
2025.85 0.000376105
2026.89 0.00028882
2027.93 0.000533295
2028.97 0.000362134
2030.01 0.000311137
2031.04 0.000492644
2032.09 0.000256896
2033.13 0.00042944
2034.17 0.000507521
2035.2 0.000460624
2036.24 0.000226593
2037.28 0.000400448
2038.33 0.000502348
2039.36 0.000193333
2040.4 0.000335431
2041.44 0.000478267
2042.48 0.000115585
2043.52 0.000311875
2044.56 0.000499272
2045.6 0.00046804
2046.64 0.000192952
2047.68 0.000363945
2048.72 0.000505566
2049.76 0.000139046
2050.8 0.000580431
2051.84 0.000117516
2052.88 0.000490618
2053.92 0.000504159
2054.95 0.000485134
2055.99 9.19821e-005
2057.03 0.00057435
2058.07 4.41784e-005
2059.11 0.0005054
2060.15 0.000286269
2061.19 0.000595832
2062.23 0.000279403
2063.27 0.000662924
2064.3 0.000274968
2065.34 0.000197363
2066.38 0.000377178
2067.42 0.000531268
2068.46 0.000510503
2069.5 0.000366091
2070.54 0.000437856
2071.58 0.0005301
2072.62 0.000576949
2073.65 0.000469636
2074.69 0.000326824
2075.73 0.000130414
2076.77 0.000406385
2077.81 0.000524259
2078.85 0.000193071
2079.88 0.000583983
2080.92 0.000348759
2081.96 9.94921e-005
2082.99 0.000294328
2084.03 0.000612878
2085.07 0.000238753
2086.11 0.000281882
2087.15 0.000604844
2088.19 0.000350929
2089.22 3.67403e-005
2090.26 0.000180506
2091.3 0.00046649
2092.34 0.000532222
2093.38 7.87736e-005
2094.41 0.000320912
2095.45 0.000490785
2096.49 0.00052228
2097.53 0.000624418
2098.57 0.000534367
2099.6 0.000326824
2100.64 0.000450182
2101.68 0.000657796
2102.72 0.000792359
2103.75 0.000383282
2104.79 -1.70468e-005
2105.83 -2.58446e-005
2106.87 0.000146174
2107.9 0.00032792
2108.94 0.000496721
2109.98 0.000456977
2111.02 0.000454784
2112.05 0.000437879
2113.09 0.000549293
2114.13 0.000648498
2115.16 0.000603866
2116.2 0.000516485
2117.23 0.0005198
2118.27 0.000564933
2119.31 0.00059154
2120.35 0.00058105
2121.38 0.000570106
2122.42 0.000575185
2123.46 0.000571108
2124.49 0.00052693
2125.53 0.000317478
2126.57 8.45674e-005
2127.61 9.6797e-006
2128.64 7.96793e-005
2129.68 4.27008e-005
2130.71 -5.73159e-005
2131.75 0.000288511
2132.79 0.000788116
2133.82 0.000739194
2134.86 0.000560284
2135.9 0.000354456
2136.93 0.000211286
2137.97 0.000123262
2139.01 -2.44618e-005
2140.05 0.000276471
2141.08 0.000622773
2142.12 0.000620556
2143.15 0.000409031
2144.19 8.90016e-005
2145.22 -0.000160265
2146.26 0.000407719
2147.3 0.00071001
2148.33 0.000452876
2149.37 0.000301982
2150.4 0.000191593
2151.44 0.000194979
2152.45 -0.000528788
2153.39 -0.00221646
2154.33 -0.00396206
2155.27 -0.00570595
2156.2 -0.00747793
2157.14 -0.00922956
2158.07 -0.0109703
2159 -0.0127054
2159.94 -0.0145261
2160.88 -0.0163006
2161.82 -0.0180569
2162.75 -0.0198329
2163.69 -0.0216207
2164.62 -0.0233664
2165.56 -0.025101
2166.49 -0.02699
2167.43 -0.0291928
2168.37 -0.0311227
2169.3 -0.0328767
2170.24 -0.0346588
2171.17 -0.0363908
2172.11 -0.0381258
2173.04 -0.0398998
2173.98 -0.0417326
2174.91 -0.0434968
2175.85 -0.0452276
2176.78 -0.0469821
2177.72 -0.0487423
2178.64 -0.0504308
2179.57 -0.0521727
2180.5 -0.0538918
2181.44 -0.0556005
2182.37 -0.0572829
2183.31 -0.058959
2184.24 -0.0606714
2185.16 -0.0623193
2186.09 -0.0639836
2187.03 -0.0625722
2188.04 -0.0498448
2189.07 -0.0360802
2190.09 -0.0222629
2191.11 -0.00840211
2192.14 0.000105427
2193.16 6.91398e-005
2194.18 0.000112627
2195.2 0.000240181
2196.23 0.000212382
2197.24 0.000112007
2198.26 0.000121878
2199.28 0.000231455
2200.3 0.000279854
2201.32 0.000260065
2202.35 0.000295208
2203.37 0.000392006
2204.39 0.000339983
2205.42 0.000242375
2206.44 0.000254105
2207.47 0.000269888
2208.49 0.00024371
2209.51 0.00013933
2210.54 9.94666e-005
2211.56 0.000129174
2212.59 0.000133608
2213.61 3.49982e-005
2214.63 6.88059e-005
2215.65 0.000147198
2216.67 2.03594e-005
2217.69 -0.000127794
2218.72 -0.000100519
2219.74 -6.93336e-005
2220.76 -0.000129844
2221.78 -0.000263788
2222.8 -0.000245144
2223.83 -0.000123979
2224.85 -0.000222017
2225.87 -0.000349046
2226.9 -0.000336506
2227.92 -0.00029154
2228.94 -0.000344421
2229.96 -0.000440504
2230.98 6.98076e-005
2232.01 0.000115632
2233.03 0.000255916
2234.05 0.00027623
2235.08 0.0002264
2236.1 9.93231e-005
2237.12 2.36021e-005
2238.14 2.76067e-005
2239.16 9.13604e-005
2240.18 0.000157832
2241.21 0.000108669
2242.22 8.086e-007
2243.24 -0.000123598
2244.27 -8.70718e-005
2245.29 1.54469e-005
2246.31 0.000133941
2247.34 0.000137804
2248.36 1.0956e-006
2249.38 -8.71671e-005
2250.4 -4.51099e-005
2251.42 7.16198e-005
2252.44 0.000171897
2253.47 0.000114295
2254.49 8.16329e-005
2255.51 1.16812e-005
2256.54 7.43644e-006
2257.56 0.000125597
2258.57 0.00022125
2259.6 0.000214575
2260.62 0.000139091
2261.64 4.41067e-005
2262.66 9.38408e-005
2263.68 3.52836e-005
2264.7 -0.000369646
2265.72 -0.000372698
2266.74 -0.000270797
2267.77 -0.000235511
2268.79 -0.000245954
2269.81 -0.000166227
2270.83 -6.22765e-005
2271.85 -0.000115062
2272.88 -0.000243522
2273.9 -0.000196697
2274.92 3.4317e-006
2275.94 1.4971e-005
2276.96 -8.73105e-005
2277.98 -3.8864e-005
2279 0.000128315
2280.02 0.000182627
2281.04 0.000102328
2282.06 0.000169371
2283.08 0.000395296
2284.1 1.3588e-005
2285.12 0.000106094
2286.14 0.000152205
2287.16 1.94061e-005
2288.18 -5.6316e-005
2289.2 -5.56021e-005
2290.23 -0.000160457
2291.25 -0.000274375
2292.26 -0.000191785
2293.29 2.04077e-005
2294.31 0.000237703
2295.33 -0.000105477
2296.35 -0.000278951
2297.37 -0.000188066
2298.39 -0.00018325
2299.41 -8.02534e-005
2300.43 9.27432e-005
2301.45 0.000114868
2302.47 0.000102137
2303.49 0.000235842
2304.52 0.00041766
2305.54 2.0788e-005
2306.56 -0.000130606
2307.57 5.47391e-005
2308.6 0.000166939
2309.62 -0.000109007
2310.64 -0.000281002
2311.66 -0.000330402
2312.68 -0.000278331
2313.7 -6.70926e-005
2314.71 3.13266e-005
2315.73 3.94804e-005
2316.76 0.000192736
2317.77 0.000378893
2318.79 3.28835e-006
2319.82 -0.000166608
2320.84 7.1368e-007
2321.85 -1.98853e-005
2322.88 -0.000173427
2323.9 -0.000204326
2324.91 -9.06959e-005
2325.93 0.000207613
2326.95 -8.10742e-006
2327.97 8.25875e-005
2329 -0.000117494
2330.01 -0.000126363
2331.03 -0.000164653
2332.05 -6.42793e-005
2333.08 4.67761e-005
2334.09 8.77841e-005
2335.11 3.352e-005
2336.13 0.000138377
2337.15 0.000388001
2338.17 -2.76734e-006
2339.19 -0.00011983
2340.21 -3.38578e-005
2341.23 -7.68191e-005
2342.25 -0.000188494
2343.27 -0.000246144
2344.29 -0.000118782
2345.31 0.000176333
2346.33 0.000322675
2347.35 -0.000261547
2348.37 -0.000266601
2349.39 -0.000199081
2350.41 2.9467e-005
2351.43 9.79408e-005
2352.45 0.000115012
2353.47 0.000175809
2354.49 -0.000109341
2355.51 -8.92646e-005
2356.53 -8.23993e-005
2357.55 9.48652e-006
2358.57 0.000187157
2359.6 0.000294208
2360.61 0.000287102
2361.64 -9.56079e-005
2362.66 -0.000276663
2363.68 -0.000250722
2364.69 -0.000124694
2365.71 5.3866e-006
2366.73 5.33088e-005
2367.75 3.95281e-005
2368.77 0.000169418
2369.79 0.000284146
2370.81 0.000292109
2371.83 0.000230025
2372.84 0.000238751
2157.69 -2.66712
